48039
44300
28556
5478
10543
47273
11827
38271
6569
33322
49588
4902
28964
49346
13884
25236
19472
6954
32259
40026
39632
35919
20201
8893
24126
34116
8935
63
22781
27820
16171
49293
43536
17823
42109
26403
33134
4639
40366
39164
26544
11782
28509
28483
11012
3022
24642
3962
29153
48037
25837
27848
46547
13568
17305
2563
28448
33091
16002
17709
12324
16312
625
9596
35301
26748
28131
11594
45618
34411
9238
14515
38424
23992
6464
1949
6478
12349
38709
33214
15508
7487
49448
26424
9353
43350
4074
4825
24018
42862
10840
27152
1613
32254
24372
32204
48611
15487
32082
30972
37255
35370
26674
37158
407
32686
24339
24535
38597
19271
21286
29645
32242
34047
24856
37658
24771
39180
10565
23597
36495
17179
20130
41041
46843
41932
9652
6469
2562
49283
40347
10904
14637
9579
40338
18834
8600
33125
35361
653
5649
12243
45767
34805
37481
4920
22900
24013
19638
38592
21016
44080
32394
18769
12534
47955
14749
6547
30637
19183
10261
1479
42422
49563
28716
44365
22549
17162
40513
13754
9505
33133
8431
41456
1689
40643
41220
15787
102
18300
48475
4069
41537
48709
41654
12519
40969
34265
40789
30024
19597
41351
31253
22953
14870
10950
47696
5021
49250
36066
21121
22496
40836
17356
3085
35658
44205
41085
18240
31123
37848
14828
18024
8771
19449
2611
14845
40840
717
27024
17827
35510
16300
13265
30539
34817
14992
8647
34179
5040
24258
42956
16435
33623
2001
47222
33071
9860
15555
31813
32113
35768
2234
33829
26918
19375
31823
2921
4720
1668
18428
11386
44322
9383
40516
15320
20823
22285
48114
27002
4989
37710
2143
10380
29616
48314
36678
36531
36155
5880
48136
12213
2098
40821
10565
37703
3763
559
38678
4624
49862
33105
44224
40583
49813
17557
11695
41546
11922
14677
12892
35633
9499
30766
42376
13668
38134
41296
14982
25427
9138
38125
5001
36305
43802
32088
36896
33790
48530
27339
34755
19265
45808
35307
7607
8471
26266
31
43003
30521
10229
28919
45173
18789
2351
16577
6784
23568
13319
42722
36403
18520
17504
45157
22280
48367
19183
44262
43802
6972
48300
19553
5749
9368
13909
24203
46235
23464
36992
25683
31101
24648
42509
40201
22059
21846
46038
46275
28211
16897
6159
15565
37944
13890
34088
41930
48880
12595
40057
42538
20480
48162
36441
4943
16404
19454
1706
24847
8580
18232
42039
38512
33957
46911
23908
14783
44498
137
12594
14972
27703
45261
19347
26979
983
20473
45779
6192
6202
8054
8471
6296
36677
1117
33106
49360
1904
30077
24675
41528
11867
17580
27014
31161
30330
11884
1493
30974
32353
19759
24457
49794
49859
17695
40196
9342
25634
32363
44936
31553
46173
15261
44626
17162
10083
45170
36802
45638
7882
38800
32411
38989
24214
8503
14293
6847
42310
15704
24595
19275
46979
12036
25412
11702
29530
15777
36427
15773
41498
17254
20255
37916
49443
17608
16359
1422
7139
27219
43716
38504
2012
34578
33551
7104
30943
3308
28285
30089
41523
8856
34118
19302
45879
5855
5634
33249
13455
8357
668
42931
40943
