76358
89662
68049
81796
60104
88877
95902
69058
79580
86487
52931
67363
72007
69542
88759
58075
54620
57380
81194
53478
98283
54456
89597
95418
98857
59894
74269
59848
51716
50895
83260
65053
52870
96137
96829
95183
96523
91560
54196
97126
69996
51276
84204
55672
73122
90012
68992
66116
50632
57893
93539
94579
89832
91416
73640
56388
76252
93713
55399
86984
67560
84703
77527
60527
52168
89873
70888
60703
75092
98348
71241
52724
82561
53554
75922
88522
52070
59184
77713
90352
73906
52518
94956
50287
75890
65553
99738
77841
52060
50749
52104
87392
65671
95023
67711
76813
85543
81559
74808
53563
59135
78326
77920
58859
95060
50673
76604
89027
87668
51336
83459
63285
59045
97292
59220
87796
83499
61791
61775
77681
79314
86457
79300
67456
77930
64700
97380
89132
53916
74257
91247
66332
93560
61027
56276
61350
66276
69434
79609
58540
96264
50450
75070
65060
65085
71235
94754
60013
89459
50602
56536
92957
69568
85266
79868
83500
53950
57795
53620
78295
83556
95159
81763
58162
80158
86529
75211
52885
81641
98596
91283
62908
71772
52773
71043
62122
72256
59414
84018
95188
70392
79817
96275
84852
60523
55000
90735
82351
94692
67847
93607
66481
95457
64510
61287
99645
59219
98478
89767
86419
50122
94924
70343
53251
64189
91789
54980
58864
76608
94203
68840
80134
87373
86215
59831
57542
89140
95446
84096
59121
83993
86087
65701
71205
53065
92582
99962
97223
95908
54531
94869
50286
83566
67573
67117
52117
78512
95697
61120
98200
83188
75760
82432
87800
54511
85752
71671
94573
73159
71554
63157
87250
76564
60498
61329
92119
92274
79983
88531
64674
79301
57890
54987
81395
79632
94851
73234
70359
59145
79048
99515
50184
76072
59820
85263
80351
69009
83970
71765
87473
52242
54717
77883
86881
89906
88187
90730
68825
71205
95334
86794
76589
51429
86325
71020
87863
70281
78443
51332
75450
99537
94789
76873
53939
91754
58319
90700
82340
65784
57098
84182
95757
85507
72398
97517
50068
75406
91762
87461
73874
83437
54203
81057
95533
72923
88283
91537
74059
92410
59880
58554
90391
86549
99862
96954
97414
58229
61642
78777
76072
84133
67741
59302
87021
79182
96601
95156
60288
86403
55033
84240
75196
87055
85257
58528
70309
86558
75807
52751
50230
59408
88563
68184
57596
66329
50173
52205
73247
54177
56692
86317
86091
57200
92055
61430
95548
58213
66407
74571
70892
99085
58507
79057
76191
70255
65492
65784
54254
69914
85763
98482
68923
70452
83245
79337
53078
68118
60044
75483
85093
53930
77424
54946
88444
81547
84040
53751
95687
58854
55505
71706
87856
94066
84556
63654
55905
62297
72188
93694
52768
69925
74824
92685
78550
86726
69392
55929
60437
56300
50132
76111
61136
82807
92279
70232
70920
88544
57483
83569
54128
74854
83331
78748
90797
93432
53158
64237
74752
80691
82819
73877
66971
71233
95230
71659
72620
91111
97497
73120
60608
68425
95533
94591
77533
79836
54170
94926
87571
52966
79631
59680
60093
60606
79060
88680
99375
62824
59228
54532
75483
89125
72431
66873
54538
57086
67927
87938
70581
82080
99782
53966
62163
93471
91214
86216
68663
80546
80639
58755
61137
64790
64903
75281
70821
82416
59005
94164
50942
65241
