76358
89662
68049
81796
48039
44300
60104
88877
28556
5478
10543
47273
95902
69058
11827
79580
38271
86487
52931
6569
67363
33322
72007
49588
69542
88759
4902
28964
58075
54620
49346
57380
13884
81194
25236
19472
6954
32259
40026
39632
53478
98283
35919
54456
89597
95418
20201
98857
8893
24126
34116
59894
74269
59848
51716
8935
63
50895
22781
27820
83260
65053
52870
16171
96137
96829
95183
49293
43536
96523
91560
17823
54196
97126
69996
42109
51276
84204
26403
55672
73122
90012
33134
68992
4639
40366
66116
39164
26544
11782
50632
28509
57893
28483
93539
94579
89832
91416
11012
3022
73640
24642
56388
3962
76252
93713
29153
55399
48037
86984
67560
84703
25837
77527
60527
52168
27848
46547
13568
89873
70888
60703
75092
98348
71241
17305
2563
28448
33091
52724
82561
53554
75922
88522
52070
59184
77713
16002
17709
90352
73906
12324
16312
625
9596
52518
35301
94956
50287
75890
26748
28131
11594
45618
65553
99738
77841
34411
52060
9238
50749
52104
14515
38424
23992
87392
65671
6464
1949
6478
12349
38709
95023
67711
76813
85543
81559
74808
53563
33214
59135
15508
7487
49448
78326
26424
9353
43350
77920
58859
95060
50673
76604
89027
87668
51336
83459
4074
4825
24018
63285
42862
59045
10840
27152
1613
32254
97292
24372
59220
32204
48611
15487
87796
83499
61791
61775
77681
79314
32082
86457
30972
37255
35370
26674
79300
37158
407
67456
77930
64700
32686
24339
97380
89132
53916
24535
74257
91247
38597
19271
21286
66332
29645
32242
34047
24856
93560
37658
24771
39180
61027
56276
10565
61350
23597
66276
69434
36495
17179
79609
20130
41041
46843
58540
41932
96264
9652
50450
75070
65060
6469
2562
65085
49283
40347
71235
94754
10904
60013
14637
9579
89459
40338
50602
18834
8600
56536
92957
69568
85266
79868
83500
53950
57795
53620
33125
78295
83556
95159
81763
58162
35361
80158
653
86529
75211
5649
12243
45767
34805
52885
37481
4920
22900
24013
81641
19638
98596
91283
38592
62908
71772
21016
44080
52773
32394
18769
12534
71043
62122
72256
47955
59414
84018
14749
95188
6547
70392
79817
96275
30637
19183
84852
10261
1479
60523
42422
55000
90735
49563
28716
82351
44365
22549
17162
94692
40513
67847
13754
93607
66481
95457
9505
33133
64510
61287
99645
59219
98478
89767
86419
50122
8431
41456
94924
1689
70343
53251
64189
91789
54980
58864
40643
41220
15787
102
18300
76608
94203
48475
4069
68840
80134
41537
48709
87373
41654
12519
86215
40969
34265
40789
59831
30024
19597
41351
57542
89140
31253
22953
95446
84096
14870
59121
83993
10950
86087
47696
65701
71205
5021
53065
92582
49250
36066
99962
21121
22496
40836
97223
17356
95908
3085
35658
44205
41085
54531
94869
50286
18240
31123
37848
83566
67573
67117
14828
52117
78512
18024
95697
61120
98200
83188
8771
75760
82432
19449
87800
2611
14845
54511
85752
71671
40840
717
94573
73159
27024
17827
35510
71554
16300
13265
30539
34817
14992
8647
34179
63157
87250
76564
5040
24258
60498
42956
61329
16435
33623
2001
47222
92119
92274
79983
33071
88531
9860
64674
79301
15555
57890
54987
31813
32113
81395
35768
2234
79632
33829
26918
19375
31823
94851
73234
2921
4720
70359
59145
79048
99515
50184
1668
76072
18428
11386
59820
44322
85263
80351
9383
40516
15320
20823
22285
48114
27002
69009
4989
37710
2143
10380
83970
71765
87473
29616
48314
52242
54717
36678
36531
77883
86881
36155
5880
48136
12213
89906
88187
2098
40821
10565
90730
37703
68825
3763
71205
559
38678
95334
4624
86794
49862
33105
76589
51429
86325
71020
44224
40583
49813
17557
87863
70281
78443
11695
51332
75450
41546
11922
14677
99537
94789
12892
35633
9499
76873
53939
30766
42376
13668
38134
91754
58319
90700
82340
41296
65784
57098
14982
84182
95757
25427
85507
72398
9138
97517
50068
38125
5001
75406
91762
87461
36305
73874
83437
54203
81057
95533
72923
88283
91537
43802
74059
32088
36896
92410
59880
58554
90391
33790
48530
86549
99862
96954
27339
34755
97414
58229
19265
45808
61642
78777
76072
84133
67741
35307
7607
8471
59302
26266
31
43003
87021
30521
79182
10229
28919
96601
95156
45173
18789
2351
16577
60288
86403
55033
84240
75196
87055
6784
23568
13319
42722
36403
85257
18520
58528
17504
45157
70309
22280
86558
75807
52751
48367
19183
50230
59408
44262
88563
43802
68184
6972
48300
19553
57596
5749
9368
13909
24203
66329
50173
52205
73247
54177
56692
46235
23464
36992
25683
86317
31101
86091
57200
24648
92055
61430
95548
42509
40201
58213
66407
22059
74571
70892
21846
46038
46275
28211
16897
6159
99085
58507
79057
76191
70255
15565
37944
13890
34088
65492
41930
48880
65784
12595
54254
40057
69914
85763
98482
68923
42538
20480
48162
70452
36441
4943
16404
19454
83245
79337
53078
68118
1706
24847
8580
60044
18232
42039
75483
38512
85093
53930
33957
77424
46911
54946
88444
23908
14783
44498
137
12594
14972
81547
27703
45261
19347
26979
84040
53751
983
95687
20473
45779
58854
6192
55505
71706
87856
6202
94066
84556
63654
8054
8471
55905
62297
6296
72188
36677
93694
52768
1117
69925
33106
49360
1904
30077
74824
24675
92685
78550
41528
86726
11867
17580
69392
27014
31161
55929
60437
56300
50132
76111
61136
30330
82807
11884
1493
92279
70232
30974
32353
19759
24457
70920
88544
57483
83569
49794
54128
74854
49859
17695
40196
83331
9342
25634
32363
78748
90797
93432
53158
44936
64237
74752
80691
31553
82819
46173
73877
66971
71233
95230
71659
15261
44626
72620
17162
91111
10083
45170
36802
45638
7882
97497
73120
38800
60608
32411
38989
68425
24214
95533
8503
14293
94591
6847
42310
15704
77533
24595
79836
54170
94926
87571
19275
52966
79631
59680
60093
46979
60606
79060
12036
25412
11702
29530
15777
88680
99375
62824
36427
59228
54532
15773
75483
89125
72431
41498
66873
17254
54538
20255
57086
67927
37916
49443
17608
16359
1422
87938
70581
82080
99782
7139
53966
62163
93471
27219
91214
86216
43716
68663
38504
2012
34578
80546
80639
33551
7104
30943
3308
28285
58755
30089
41523
8856
61137
34118
64790
19302
45879
5855
64903
5634
75281
33249
70821
13455
82416
8357
668
59005
42931
94164
50942
40943
65241
